4
36
data/world/Textures/sky_1.jpg
6
150
0
-150
1
1
150
300
150
0
0
150
0
150
0
1
150
0
-150
1
1
150
300
-150
1
0
150
300
150
0
0
data/world/Textures/sky_2.jpg
6
-150
0
150
0
1
150
0
150
1
1
150
300
150
1
0
-150
0
150
0
1
150
300
150
1
0
-150
300
150
0
0
data/world/Textures/sky_4.jpg
6
-150
300
-150
0
0
-150
0
150
1
1
-150
300
150
1
0
-150
300
-150
0
0
-150
0
-150
0
1
-150
0
150
1
1
data/world/Textures/sky_3.jpg
6
150
0
-150
0
1
-150
0
-150
1
1
-150
300
-150
1
0
150
0
-150
0
1
-150
300
-150
1
0
150
300
-150
0
0